mean: 0.236397
stddev: 0.007709
