repetitions: 50
mean: 0.205440
stddev: 0.002136
